2276000000000000000000000101580000000000000000000073235000000000000000000000379054691648041393022029

9521651023449965519405564118547355094880066777565423238991085675906554459642294029683201863865856036

11797651023449965519405564220127355094880066777565496473991085675906554459642673084374849905258878065

-7245651023449965519405564016967355094880066777565350003991085675906554459641914974991553822472834007

0

-12215302046899931038811127932354710189760133555130626772982171351813108919283450895291459603552645985

21671277729372121522167064901023091157994529446956803772096743894505314881733384870316498026863970426553164832027238617708056672849255465436608844896899406450164210903301241704916181840565999090617044

5180176000000000000000000462392160000000000000000343684216400000000000000016603879556381884421036281448373976155216089406355467160140685688622835936587773682459260391741394307164646009856693279276841

90661838212365775825527900851170952925562458366771351343453934072867164281914001402721961255584309278893171709831241400100174081658743818257791004464740848519859931567914212582597771519696811077633296

1252221867289695551713934731480734828268202153377605165997697680600657762057821002693541827260887941003281574013121818984115769826301760447521732823535687947036569857914196092646981255801205146382116612720134928578665174267005629981696628211132842113588382396517914216657689242247046657560531688889691948425123459500664960863240239863340376509061733787338085684714252151148379644801240308573277634642709162758594252363818607110925276878894270291961613900051892960007621458361401730281918203198101592345

